0 1 0
0 1 11
0 26 0
0 26 11
0 40 15
0 48 13
0 61 13
0 112 0
0 112 11
0 115 31
0 117 35
0 133 13
0 148 8
0 168 13
0 173 13
0 182 8
0 200 0
0 200 11
0 244 0
0 244 11
0 275 52
0 292 0
0 292 11
0 318 0
0 318 11
0 335 38
0 340 18
0 356 4
0 372 0
0 372 11
0 373 0
0 373 11
0 379 0
0 379 11
0 387 0
0 387 11
0 406 0
0 406 11
0 419 0
0 419 11
0 435 11
0 451 23
0 477 13
0 511 0
0 511 11
0 573 10
0 601 16
0 601 40
0 617 10
0 642 8
0 691 8
0 695 8
0 701 4
0 719 8
0 727 13
0 775 0
0 775 11
0 787 0
0 787 11
0 831 0
0 831 11
0 867 13
0 892 0
0 892 11
0 929 8
0 931 8
0 1000 8
0 1027 4
0 1028 33
0 1034 8
0 1075 10
0 1085 33
0 1104 8
0 1138 8
1 0 0
2 3 1
3 30 13
3 40 15
3 82 28
3 95 31
3 105 62
3 117 35
3 140 40
3 161 13
3 229 48
3 237 33
3 250 62
3 335 38
3 398 54
3 409 16
3 489 16
3 509 13
3 514 13
3 549 16
3 555 33
3 573 42
3 622 13
3 655 23
3 655 42
3 896 70
3 908 62
3 915 40
4 5 2
4 18 2
4 22 2
4 31 2
4 35 2
4 39 2
4 42 2
4 85 2
4 97 2
4 136 2
4 149 2
4 175 2
4 209 2
4 223 2
4 253 2
4 256 2
5 40 15
5 167 9
5 167 25
5 224 38
5 234 9
5 234 25
5 289 13
5 448 25
5 507 9
5 507 25
5 552 9
5 552 25
5 889 23
5 903 25
5 1004 9
5 1004 25
5 1102 9
6 7 3
7 38 13
7 40 15
7 95 31
7 117 35
7 119 18
7 145 18
7 245 13
7 260 13
7 335 38
7 335 51
7 343 13
7 397 38
7 403 10
7 403 23
7 622 13
7 665 20
7 862 20
7 964 18
8 9 4
8 40 15
8 48 13
8 69 4
8 71 4
8 72 4
8 95 31
8 119 18
8 131 38
8 133 13
8 168 13
8 171 33
8 199 4
8 232 4
8 330 4
8 340 18
8 382 4
8 390 4
8 390 50
8 395 10
8 468 10
8 699 44
8 811 23
8 822 4
8 849 44
8 853 4
8 860 10
8 899 33
8 912 4
8 951 4
8 967 10
8 1033 16
8 1054 30
8 1134 64
9 69 4
10 11 5
11 10 33
11 40 15
11 59 13
11 61 13
11 89 4
11 95 31
11 131 10
11 168 13
11 187 33
11 222 13
11 228 13
11 263 47
11 280 10
11 340 18
11 385 30
11 416 21
11 536 4
11 614 0
11 614 11
11 664 33
11 668 30
11 724 13
11 829 18
11 866 10
11 866 67
11 1087 4
11 1097 37
12 0 6
12 11 6
12 13 6
12 28 6
12 34 6
12 56 6
12 58 6
12 87 6
12 107 6
12 110 6
12 165 6
12 177 6
12 186 6
12 194 6
13 30 13
13 40 15
13 57 37
13 95 31
13 131 38
13 211 10
13 211 23
13 250 24
13 399 0
13 399 11
13 714 0
13 714 11
13 721 13
13 755 50
13 768 33
13 781 33
13 824 11
14 15 7
14 51 7
14 79 7
14 125 7
14 130 7
15 38 13
15 40 15
15 57 10
15 57 23
15 90 29
15 95 31
15 101 29
15 119 18
15 131 38
15 131 51
15 283 29
15 371 10
15 438 13
15 528 29
15 587 29
15 592 29
15 598 29
15 663 29
15 678 20
15 754 29
15 802 29
15 861 29
15 910 29
15 947 29
15 988 29
15 999 29
15 1003 29
15 1008 29
15 1015 29
15 1049 29
15 1110 29
15 1113 29
15 1130 29
16 17 0
16 17 11
16 45 0
16 45 11
16 50 0
17 16 0
17 44 11
17 45 0
17 48 13
17 50 0
17 92 0
17 92 11
17 94 0
17 94 11
17 95 31
17 131 38
17 143 15
17 155 0
17 155 11
17 314 21
17 342 11
17 345 0
17 345 11
17 420 0
17 420 11
17 441 0
17 441 11
17 491 0
17 491 11
17 498 11
17 810 21
17 812 0
17 812 11
17 848 23
17 1116 13
18 19 8
18 40 15
18 88 13
18 95 31
18 117 35
18 181 38
18 227 10
18 274 10
18 274 23
18 275 52
18 289 13
18 335 38
18 477 13
18 557 13
18 593 8
18 846 21
18 959 8
18 1042 52
20 21 3
21 40 15
21 59 13
21 95 31
21 114 4
21 145 18
21 168 13
21 181 38
21 347 4
21 665 20
22 23 9
22 23 25
22 40 15
22 129 9
22 129 25
22 176 25
22 213 9
22 213 25
22 289 13
22 483 10
22 483 23
22 485 9
22 485 25
22 487 9
22 578 38
22 583 9
22 583 25
22 956 9
22 956 25
22 977 9
22 977 25
24 25 10
24 25 23
24 40 15
24 59 13
24 104 13
24 114 4
24 115 31
24 119 18
24 139 13
24 222 13
24 325 38
24 522 4
24 626 30
24 724 13
26 0 0
26 0 11
27 28 12
28 40 15
28 48 13
28 61 13
28 95 31
28 96 32
28 131 38
28 133 13
28 138 21
28 138 56
28 138 72
28 168 13
28 229 48
28 278 0
28 278 11
28 344 10
28 344 23
28 349 0
28 349 11
28 413 21
28 564 13
28 645 33
28 769 0
28 769 11
28 771 33
28 922 33
28 1088 10
29 30 13
29 40 15
29 64 24
29 88 13
29 95 31
29 99 33
29 117 35
29 121 21
29 146 33
29 154 13
29 161 13
29 231 33
29 323 33
29 325 38
29 326 33
29 375 21
29 582 10
29 582 42
29 648 21
29 659 21
29 697 52
29 698 33
29 814 21
29 856 21
29 935 33
29 981 13
29 1128 24
31 32 14
31 32 44
31 38 13
31 40 15
31 95 31
31 119 18
31 131 38
31 189 8
31 189 21
31 205 20
31 219 16
31 229 48
31 264 8
31 264 21
31 268 8
31 275 52
31 279 8
31 319 21
31 404 8
31 404 21
31 418 33
31 453 13
31 477 13
31 506 33
31 532 38
31 544 8
31 604 33
31 609 16
31 611 8
31 630 16
31 661 52
31 726 8
31 726 21
31 749 8
31 818 10
31 818 51
31 875 0
31 918 73
31 930 33
31 1018 54
31 1106 13
31 1111 33
32 31 44
33 34 5
34 40 15
34 57 10
34 59 13
34 61 13
34 91 30
34 95 31
34 131 10
34 131 38
34 157 37
34 183 30
34 194 4
34 255 4
34 280 10
34 280 23
34 340 18
34 524 13
34 540 4
34 563 4
34 669 4
34 721 13
34 759 4
34 829 18
34 854 30
34 1057 30
35 36 9
35 36 25
35 40 15
35 53 9
35 53 25
35 289 13
35 325 38
35 339 9
35 339 25
35 531 9
35 537 9
35 537 25
35 554 9
35 554 25
35 880 9
35 880 25
35 905 9
35 905 25
35 965 25
35 1118 9
35 1118 25
37 38 13
37 47 18
37 95 31
37 143 15
37 364 52
37 412 33
37 477 13
37 624 64
37 643 52
37 667 10
37 686 61
37 819 38
37 855 30
37 1132 8
39 40 15
39 67 9
39 67 25
39 172 23
39 174 9
39 174 25
39 181 38
39 210 9
39 210 25
39 277 9
39 277 25
39 289 13
39 335 38
39 480 9
39 480 25
39 586 9
39 586 25
39 687 9
39 687 25
39 966 9
39 966 25
41 31 16
42 40 15
42 43 9
42 43 25
42 115 31
42 215 9
42 215 25
42 289 13
42 463 9
42 529 9
42 529 25
42 542 9
42 542 25
42 585 9
42 615 10
42 747 9
42 747 25
42 851 9
42 851 25
42 863 9
42 863 25
42 902 48
42 937 38
44 17 0
44 17 11
44 45 0
44 45 11
44 50 11
45 16 0
45 17 0
45 44 0
45 44 11
45 48 13
45 50 0
45 50 11
45 92 0
45 94 0
45 94 11
45 95 31
45 116 10
45 116 23
45 117 35
45 119 18
45 131 38
45 143 15
45 155 0
45 155 11
45 170 0
45 170 11
45 173 13
45 229 48
45 314 21
45 314 59
45 342 0
45 342 11
45 345 0
45 345 11
45 420 11
45 441 0
45 491 0
45 491 11
45 498 0
45 498 11
45 810 21
45 812 0
45 812 11
46 3 17
49 11 19
49 15 19
49 50 19
49 165 19
49 217 19
50 16 0
50 16 11
50 17 0
50 17 11
50 44 0
50 45 0
50 48 13
50 57 10
50 92 0
50 92 11
50 94 0
50 95 31
50 131 38
50 143 15
50 155 11
50 170 0
50 170 11
50 314 21
50 314 59
50 342 0
50 342 11
50 345 0
50 345 11
50 420 0
50 420 11
50 441 0
50 441 11
50 491 0
50 498 0
50 498 11
50 810 21
50 812 0
51 38 13
51 40 15
51 52 20
51 61 13
51 95 31
51 119 18
51 131 30
51 131 38
51 131 51
51 133 13
51 168 13
51 198 44
51 206 45
51 258 4
51 344 10
51 591 58
51 605 43
51 636 37
51 780 14
51 797 67
51 885 10
51 970 43
51 1001 23
51 1010 57
51 1084 10
54 40 15
54 48 13
54 55 8
54 55 21
54 95 31
54 117 35
54 181 38
54 275 77
54 350 4
54 366 8
54 381 33
54 393 33
54 466 4
54 477 13
54 490 33
54 518 8
54 593 8
54 595 33
54 637 33
54 649 8
54 656 8
54 737 8
54 752 8
54 789 10
54 796 8
54 816 13
54 865 8
54 884 16
54 909 33
54 913 8
54 921 8
54 983 33
54 985 21
54 1096 33
54 1124 8
56 38 13
56 40 15
56 57 10
56 61 13
56 90 29
56 95 31
56 108 18
56 117 35
56 131 51
56 133 13
56 168 13
56 283 29
56 301 21
56 301 56
56 301 72
56 305 13
56 359 11
56 477 13
56 564 13
56 707 13
56 727 13
56 800 10
56 897 11
56 949 33
56 988 29
56 1048 33
58 40 15
58 59 13
58 95 31
58 110 50
58 222 13
58 380 4
58 380 50
58 534 10
58 534 38
58 962 23
58 962 37
58 1062 30
60 31 22
60 51 22
60 132 22
62 40 15
62 59 13
62 63 23
62 104 13
62 114 4
62 222 13
62 341 53
62 343 13
62 347 4
62 408 38
62 450 4
62 519 4
62 548 13
62 572 4
62 746 4
62 764 53
62 870 18
62 1006 37
65 66 0
65 66 11
66 30 13
66 65 0
66 65 11
66 73 33
66 95 31
66 117 35
66 143 15
66 144 0
66 144 11
66 190 38
66 227 10
66 250 24
66 261 0
66 261 11
66 269 33
66 275 52
66 315 0
66 315 11
66 346 33
66 348 0
66 348 11
66 580 0
66 580 11
66 680 0
66 689 0
66 689 11
66 761 0
66 761 11
66 793 0
66 793 11
66 805 33
66 923 0
66 923 11
66 972 61
66 1009 0
66 1009 11
68 28 5
68 179 5
69 40 15
69 48 13
69 61 13
69 70 10
69 95 31
69 131 38
69 157 10
69 168 13
69 221 47
69 233 4
69 482 13
69 530 10
69 530 64
69 596 4
69 662 10
69 784 47
69 837 10
69 848 10
69 1099 10
71 40 15
71 48 13
71 61 13
71 72 4
71 95 31
71 133 13
71 145 18
71 171 33
71 181 38
71 221 47
71 275 52
71 495 50
71 603 52
71 624 10
71 624 23
71 679 10
71 711 67
71 777 33
71 871 13
73 74 5
73 76 5
73 124 5
74 30 13
74 57 42
74 73 33
74 95 31
74 117 35
74 131 38
74 143 15
74 237 33
74 266 33
74 280 10
74 371 10
74 371 23
74 474 33
74 509 13
74 584 10
74 632 24
74 733 33
74 872 33
74 1129 33
75 66 26
75 76 26
75 153 26
75 177 26
76 30 13
76 40 15
76 73 33
76 88 13
76 95 31
76 117 35
76 122 13
76 131 38
76 150 24
76 161 13
76 229 48
76 237 33
76 248 33
76 250 24
76 266 33
76 282 33
76 285 10
76 285 23
76 346 33
76 367 33
76 417 13
76 503 33
76 504 33
76 565 24
76 612 33
76 671 13
76 685 33
76 743 70
76 842 0
76 845 24
76 895 24
76 927 33
76 1007 13
76 1013 33
76 1017 24
76 1025 24
76 1029 24
76 1070 33
77 7 7
78 79 27
78 79 41
78 79 63
78 79 66
79 38 13
79 40 15
79 61 13
79 95 31
79 117 35
79 131 38
79 131 51
79 135 16
79 168 13
79 173 13
79 201 18
79 229 48
79 263 47
79 344 10
79 344 23
79 370 30
79 439 30
79 440 18
79 546 16
79 706 30
79 713 30
79 751 10
79 799 30
79 869 10
79 918 73
79 957 20
79 996 16
79 1061 8
79 1068 30
80 81 5
81 40 15
81 59 13
81 95 31
81 145 18
81 181 10
81 191 13
81 300 4
81 335 38
81 437 4
81 563 4
81 573 10
81 670 13
81 711 67
81 829 18
81 850 23
81 898 47
83 38 13
83 40 15
83 52 20
83 84 10
83 95 31
83 131 30
83 131 38
83 131 51
83 205 20
83 206 45
83 343 13
83 633 18
83 662 37
83 984 51
85 40 15
85 47 18
85 86 9
85 95 31
85 289 13
85 338 25
85 400 9
85 400 25
85 436 25
85 460 9
85 460 25
85 535 9
85 535 25
85 554 9
85 554 25
85 579 9
85 579 25
85 690 9
85 776 64
85 963 9
85 968 9
85 968 25
85 1040 9
85 1040 25
85 1126 38
87 30 13
87 40 15
87 57 23
87 88 13
87 95 31
87 99 33
87 131 38
87 146 33
87 161 13
87 212 21
87 225 33
87 231 33
87 237 33
87 252 21
87 290 33
87 295 0
87 295 11
87 323 33
87 362 21
87 424 0
87 424 11
87 434 33
87 500 0
87 500 11
87 509 13
87 682 33
87 698 33
87 878 33
87 940 21
87 942 33
87 1016 21
87 1119 33
89 71 4
91 34 3
91 179 3
91 194 3
91 273 3
92 17 0
92 17 11
92 45 0
92 45 11
92 50 0
92 50 11
93 30 13
93 40 15
93 95 31
93 111 0
93 111 11
93 117 35
93 131 38
93 227 10
93 237 33
93 249 0
93 250 24
93 272 62
93 324 21
93 376 11
93 384 0
93 509 13
93 514 13
93 621 33
93 632 24
93 715 0
93 795 70
93 845 24
93 872 33
93 990 33
93 1063 10
93 1063 23
93 1063 42
94 17 0
94 17 11
94 45 0
94 45 11
94 50 0
94 50 11
97 23 9
97 40 15
97 98 9
97 98 25
97 160 9
97 160 25
97 181 38
97 289 13
97 335 38
97 445 38
97 478 9
97 478 25
97 594 9
97 594 25
97 618 25
97 644 9
97 644 25
97 939 9
97 939 25
97 943 10
97 943 23
99 29 5
99 153 5
100 38 13
100 40 15
100 52 20
100 95 31
100 131 38
100 131 51
100 206 45
100 343 13
100 527 58
100 574 10
100 926 57
100 958 51
100 1041 58
100 1092 10
102 62 3
103 40 15
103 59 13
103 95 31
103 104 13
103 222 13
103 408 10
103 408 38
103 454 4
103 724 13
103 745 10
103 745 23
103 870 18
105 3 26
105 7 26
105 74 26
105 76 26
105 124 26
106 74 34
107 8 4
107 9 4
107 40 15
107 48 13
107 61 13
107 95 31
107 108 18
107 131 38
107 133 13
107 199 4
107 241 33
107 280 10
107 302 21
107 302 60
107 371 37
107 386 4
107 477 13
107 484 4
107 508 33
107 523 10
107 557 13
107 702 10
107 785 13
107 801 33
107 804 4
107 808 4
107 867 13
107 882 4
107 899 33
107 912 4
107 1078 4
109 11 19
109 34 19
109 110 19
109 141 19
109 179 19
110 40 15
110 58 50
110 59 13
110 95 31
110 131 10
110 131 38
110 222 13
110 227 37
110 340 18
110 358 10
110 668 30
110 1080 30
111 93 0
111 93 11
112 0 0
112 0 11
113 69 4
114 40 15
114 59 13
114 95 31
114 104 13
114 115 31
114 222 13
114 347 4
114 361 38
114 589 53
114 704 53
114 718 53
114 764 53
118 8 4
118 69 4
120 48 13
120 95 31
120 143 15
120 181 38
120 220 21
120 230 21
120 288 33
120 316 21
120 335 38
120 483 37
120 794 13
120 917 23
120 933 21
120 982 33
120 1107 33
120 1137 33
121 29 27
121 29 36
123 124 1
124 30 13
124 73 33
124 117 35
124 131 38
124 142 0
124 142 11
124 143 15
124 147 13
124 251 11
124 275 52
124 346 33
124 417 13
124 464 38
124 509 13
124 622 13
124 744 33
124 944 10
124 1073 10
125 38 13
125 40 15
125 52 20
125 95 31
125 126 37
125 131 30
125 131 38
125 205 20
125 206 45
125 299 18
125 343 13
125 588 51
125 662 10
127 48 13
127 95 31
127 131 38
127 133 13
127 143 15
127 157 23
127 168 13
127 227 37
127 470 50
127 477 13
127 517 33
127 785 13
127 978 33
128 8 4
130 38 13
130 40 15
130 52 20
130 95 31
130 131 38
130 131 51
130 204 13
130 206 45
130 270 18
130 344 37
130 447 13
130 574 10
130 950 10
132 38 13
132 40 15
132 48 13
132 95 31
132 133 13
132 145 18
132 147 13
132 168 13
132 171 33
132 181 38
132 204 13
132 265 13
132 335 38
132 422 57
132 430 58
132 658 30
132 665 20
132 862 20
134 54 12
134 87 12
134 197 12
135 79 16
136 40 15
136 137 9
136 137 25
136 174 9
136 174 25
136 180 9
136 180 25
136 181 38
136 289 13
136 309 9
136 309 25
136 415 9
136 415 25
136 562 9
136 562 25
136 573 10
136 581 38
136 606 25
136 823 9
136 823 25
136 1036 9
136 1036 25
136 1045 23
138 28 27
138 28 39
140 3 40
141 40 15
141 59 13
141 61 13
141 91 30
141 108 18
141 114 4
141 131 38
141 228 13
141 293 53
141 312 4
141 334 53
141 340 18
141 347 4
141 408 38
141 450 4
141 456 4
141 457 4
141 476 4
141 519 4
141 567 4
141 589 53
141 764 53
141 854 30
141 883 4
141 1082 37
141 1095 30
142 124 0
142 124 11
144 66 0
144 66 11
146 87 5
149 40 15
149 95 31
149 188 9
149 188 25
149 213 9
149 213 25
149 236 9
149 236 25
149 240 9
149 240 25
149 289 13
149 320 9
149 320 25
149 335 38
149 429 38
149 444 9
149 444 25
149 539 9
149 703 9
149 703 25
149 891 25
149 1032 10
149 1050 9
149 1053 25
151 74 1
151 76 1
151 124 1
152 38 13
152 40 15
152 61 13
152 95 31
152 325 38
152 582 10
152 582 23
152 924 51
153 30 13
153 40 15
153 88 13
153 95 31
153 99 33
153 117 35
153 154 13
153 231 33
153 237 33
153 250 24
153 290 33
153 326 33
153 395 23
153 458 11
153 464 38
153 481 21
153 497 0
153 497 11
153 570 33
153 627 33
153 692 21
153 694 33
153 696 33
153 698 33
153 973 33
153 1031 11
155 17 0
155 17 11
155 45 0
155 45 11
155 50 0
156 30 13
156 40 15
156 88 13
156 95 31
156 154 13
156 157 10
156 250 24
156 395 10
156 395 64
156 603 52
156 828 52
156 1083 38
156 1117 37
158 15 3
158 87 3
159 51 3
159 110 3
159 125 3
162 30 13
162 40 15
162 163 37
162 181 38
162 573 10
162 619 21
164 165 5
165 40 15
165 58 50
165 59 13
165 61 13
165 82 28
165 95 31
165 104 13
165 108 18
165 126 10
165 131 38
165 168 13
165 222 13
165 228 13
165 271 4
165 317 4
165 328 10
165 340 18
165 396 30
165 405 38
165 408 10
165 408 38
165 437 4
165 450 4
165 532 38
165 577 4
165 610 30
165 640 50
165 676 30
165 677 10
165 716 30
165 732 4
165 748 23
165 829 18
165 835 58
165 874 38
165 898 47
165 912 4
165 1098 38
165 1139 30
166 62 6
166 103 6
166 141 6
166 165 6
169 29 1
169 74 1
170 17 11
170 45 0
170 50 0
170 50 11
171 8 5
171 71 5
171 132 5
175 40 15
175 95 31
175 176 9
175 176 25
175 281 9
175 281 25
175 289 13
175 374 9
175 374 25
175 392 9
175 392 25
175 394 9
175 394 25
175 421 9
175 421 25
175 578 38
175 839 25
177 30 13
177 40 15
177 57 10
177 88 13
177 131 38
177 178 43
177 250 24
177 280 23
177 509 13
177 560 24
177 1075 37
178 177 43
179 40 15
179 57 37
179 59 13
179 61 13
179 95 31
179 131 38
179 158 30
179 168 13
179 191 13
179 203 33
179 228 13
179 340 18
179 358 10
179 385 30
179 510 50
179 829 18
184 156 1
185 66 3
185 93 3
186 40 15
186 48 13
186 61 13
186 95 31
186 108 18
186 117 35
186 131 38
186 168 13
186 187 33
186 190 38
186 368 0
186 468 10
186 502 33
186 513 33
186 515 4
186 543 33
186 550 4
186 664 33
186 720 33
186 852 33
186 864 33
186 886 33
186 893 4
186 1044 30
192 193 3
193 38 13
193 40 15
193 52 20
193 95 31
193 131 38
193 131 51
193 206 45
193 245 13
193 343 13
193 344 37
193 438 13
193 553 20
193 678 20
193 840 29
193 885 10
193 914 29
193 1072 18
193 1131 29
194 40 15
194 48 13
194 57 37
194 59 13
194 61 13
194 108 18
194 114 4
194 131 38
194 195 30
194 228 13
194 255 4
194 265 13
194 285 23
194 433 4
194 524 13
194 540 4
194 572 4
194 660 4
194 704 53
196 197 12
197 30 13
197 40 15
197 61 13
197 88 13
197 117 35
197 154 13
197 391 0
197 391 11
197 464 38
197 505 33
197 634 33
197 729 33
197 736 33
197 768 33
197 788 33
198 51 44
199 114 4
200 0 0
200 0 11
202 0 5
203 11 5
203 107 5
207 40 15
207 59 13
207 61 13
207 82 28
207 119 18
207 147 13
207 208 13
207 246 50
207 325 38
207 378 10
207 428 13
207 514 13
207 710 13
207 975 50
207 1067 10
207 1133 13
209 40 15
209 181 38
209 210 9
209 210 25
209 213 9
209 213 25
209 236 25
209 276 9
209 276 25
209 289 13
209 311 38
209 322 9
209 322 25
209 467 9
209 467 25
209 507 9
209 507 25
209 576 9
209 576 25
209 815 23
209 888 25
209 941 9
209 941 25
209 1055 9
209 1055 25
209 1089 9
209 1089 25
212 87 36
214 66 1
216 51 41
217 38 13
217 40 15
217 48 13
217 52 20
217 95 31
217 131 51
217 157 37
217 206 45
217 218 20
217 221 47
217 440 18
217 453 13
217 741 13
217 984 51
219 31 16
220 120 46
223 40 15
223 95 31
223 224 38
223 289 13
223 408 38
223 446 9
223 446 25
223 448 9
223 448 25
223 552 9
223 552 25
223 575 25
223 647 9
223 647 25
223 792 9
223 1102 25
226 3 34
231 29 5
231 87 5
232 40 15
232 48 13
232 61 13
232 72 4
232 95 31
232 119 18
232 171 33
232 181 38
232 233 4
232 572 4
232 596 4
232 681 4
232 1076 23
235 3 3
235 232 3
237 3 5
237 74 5
237 76 5
238 156 1
238 177 1
239 34 6
239 110 6
239 165 6
239 177 6
239 179 6
242 243 0
242 243 11
243 30 13
243 40 15
243 88 13
243 95 31
243 117 35
243 131 38
243 237 33
243 242 0
243 242 11
243 284 37
243 290 33
243 326 33
243 509 13
243 558 21
243 698 33
243 841 10
243 942 33
244 0 0
244 0 11
246 207 4
246 207 50
247 29 1
247 87 1
247 153 1
247 156 1
247 177 1
249 93 0
250 3 26
250 13 26
250 66 26
250 74 26
250 93 26
250 124 26
250 156 26
251 124 11
252 87 27
252 87 36
253 40 15
253 95 31
253 254 9
253 254 25
253 289 13
253 363 9
253 363 25
253 462 9
253 462 25
253 790 23
253 807 25
253 847 9
253 847 25
253 920 38
253 946 9
253 946 25
253 954 25
253 1090 9
253 1090 25
255 114 4
256 40 15
256 167 9
256 167 25
256 181 38
256 257 9
256 257 25
256 289 13
256 467 25
256 496 9
256 496 25
256 507 25
256 525 9
256 525 25
256 566 9
256 566 25
256 618 9
256 618 25
256 631 9
256 631 25
256 798 9
256 798 25
256 859 9
256 859 25
256 991 38
259 51 49
259 83 49
259 152 49
261 66 11
262 197 5
266 74 5
267 110 3
268 31 27
271 232 4
272 76 26
272 93 26
273 38 13
273 40 15
273 57 10
273 57 51
273 95 31
273 131 38
273 131 51
273 205 20
273 299 18
273 588 51
273 723 37
273 826 20
273 832 29
273 914 29
273 1093 20
278 28 0
278 28 11
286 3 1
286 74 1
286 76 1
286 87 1
286 124 1
287 107 4
291 31 6
292 0 0
292 0 11
294 110 6
294 156 6
295 87 0
295 87 11
296 100 7
296 130 7
296 193 7
297 107 4
298 124 1
301 56 27
302 107 27
302 107 63
303 17 12
303 45 12
303 50 12
304 17 12
304 45 12
304 50 12
306 83 6
306 125 6
306 217 6
307 124 1
308 28 12
310 31 6
310 51 6
310 79 6
310 81 6
310 125 6
310 193 6
310 217 6
312 62 4
312 81 4
312 114 4
313 69 4
313 71 4
314 17 27
314 45 27
315 66 0
315 66 11
316 120 46
318 0 0
321 37 6
323 29 5
323 87 5
324 93 27
326 87 5
326 153 5
327 0 19
327 58 19
327 79 19
327 110 19
329 13 49
329 69 49
329 125 49
329 194 49
329 217 49
331 153 12
332 87 12
333 51 5
336 62 3
337 74 34
341 34 55
342 17 0
342 17 11
342 45 0
342 45 11
342 50 0
342 50 11
345 17 0
345 17 11
345 45 0
345 45 11
345 50 0
346 124 5
348 66 0
348 66 11
349 28 0
349 28 11
351 79 22
352 114 4
352 232 4
353 87 12
354 87 12
355 162 36
357 51 3
357 56 3
357 79 3
357 193 3
359 56 0
359 56 11
360 7 19
360 34 19
360 45 19
360 179 19
360 193 19
362 87 27
362 87 36
365 74 1
365 76 1
366 54 27
367 76 5
368 186 0
369 81 3
372 0 0
372 0 11
373 0 0
373 0 11
375 29 27
376 93 0
376 93 11
377 21 4
379 0 11
380 58 50
383 76 1
383 124 1
384 93 0
385 50 3
385 51 3
385 56 3
385 79 3
385 107 3
385 193 3
387 0 11
388 87 27
388 87 36
389 179 3
391 197 0
391 197 11
396 165 3
398 3 54
398 3 61
399 13 0
399 13 11
401 3 1
402 11 55
402 58 55
402 165 55
404 31 78
406 0 0
407 0 6
407 18 6
407 54 6
407 120 6
409 3 16
410 8 4
410 24 4
411 93 1
412 37 5
414 56 12
414 197 12
416 11 27
416 11 76
419 0 0
419 0 11
420 17 0
420 17 11
420 45 0
420 50 0
420 50 11
423 24 3
424 87 0
424 87 11
425 100 4
426 62 4
427 3 1
427 124 1
431 29 26
432 186 5
433 114 4
434 87 5
435 0 11
437 21 4
437 62 4
441 17 0
441 17 11
441 45 0
441 45 11
441 50 11
442 7 6
443 3 1
449 93 3
450 21 4
450 114 4
452 8 4
455 74 0
456 62 4
456 114 4
457 62 4
457 114 4
458 153 0
458 153 11
459 120 46
461 87 1
461 177 1
465 243 12
469 114 4
469 232 4
470 127 50
471 232 4
472 81 4
472 114 4
473 66 34
475 69 4
479 243 12
481 153 36
486 156 1
486 177 1
486 197 1
488 29 1
488 66 1
488 74 1
488 76 1
488 93 1
490 54 5
491 17 0
491 17 11
491 45 0
491 45 11
491 50 0
491 50 11
492 18 6
493 13 1
493 29 1
493 76 1
493 156 1
494 81 4
494 100 4
495 71 50
497 153 0
497 153 11
498 17 0
498 17 11
498 45 0
498 45 11
498 50 0
498 50 11
499 100 4
500 87 0
500 87 11
501 66 12
501 124 12
505 197 5
508 8 5
508 107 5
510 81 4
510 179 50
511 0 0
511 0 11
512 24 6
512 29 6
512 207 6
516 273 3
517 127 5
519 21 4
519 24 4
519 114 4
520 34 19
520 58 19
521 8 4
521 232 4
522 114 4
526 153 36
527 31 7
527 83 7
527 100 7
527 217 7
533 93 3
536 69 4
538 29 36
541 56 12
541 197 12
543 186 5
545 58 5
545 81 5
545 103 5
545 165 5
546 79 16
547 232 4
549 3 16
551 141 4
556 58 5
556 110 5
556 165 5
558 243 27
558 243 36
559 197 12
561 62 4
561 81 4
563 114 4
567 62 4
567 114 4
568 11 49
568 110 49
568 179 49
569 31 3
570 153 5
571 177 36
572 114 4
577 114 4
578 3 17
580 66 11
590 11 19
597 124 6
599 69 6
599 83 6
599 125 6
600 232 4
601 0 40
602 93 0
605 51 43
607 87 12
608 232 4
609 31 16
613 11 5
614 11 0
616 76 1
620 81 3
623 51 6
625 13 12
625 87 12
627 153 5
628 87 36
629 66 12
630 31 16
632 76 26
635 156 49
635 193 49
638 0 3
639 179 3
640 165 50
641 124 1
642 0 27
646 100 65
648 29 36
650 186 12
651 62 4
652 58 5
652 165 5
653 153 12
654 130 49
657 0 3
657 21 3
657 81 3
659 29 27
659 29 36
660 114 4
664 11 5
664 186 5
666 132 3
669 114 4
669 165 4
672 7 5
672 13 5
672 34 5
672 51 5
673 177 36
674 243 12
675 124 1
676 193 3
680 66 0
683 8 4
684 7 3
686 37 61
688 3 12
689 66 0
689 66 11
692 153 36
693 8 4
694 153 5
696 93 5
698 87 5
698 153 5
699 8 44
700 81 4
705 45 3
708 3 26
708 76 26
709 243 3
712 87 36
714 13 0
714 13 11
715 93 0
716 165 3
717 50 68
722 76 69
722 124 69
725 34 55
728 58 19
728 165 19
729 13 5
730 29 12
731 81 4
732 232 4
734 8 16
735 177 49
738 31 17
739 141 55
740 193 7
740 273 7
742 76 0
742 76 11
746 114 4
750 34 49
753 76 1
753 197 1
756 232 4
757 58 49
757 81 49
758 3 26
760 0 71
761 66 0
761 66 11
762 87 12
763 124 26
765 8 4
766 17 3
767 45 55
768 13 5
769 28 0
769 28 11
770 3 1
772 37 6
773 74 34
774 66 12
774 197 12
775 0 11
778 114 4
779 179 55
780 51 14
781 13 5
782 31 0
783 8 4
786 93 34
787 0 11
788 197 5
791 179 49
793 66 0
803 81 4
805 66 5
806 71 4
806 232 4
808 71 4
809 3 1
809 74 1
809 76 1
809 93 1
812 17 0
812 17 11
812 45 0
812 50 0
812 50 11
813 74 1
814 29 27
814 29 36
817 107 41
820 232 4
821 31 22
824 13 0
824 13 11
825 7 65
827 0 12
830 3 1
831 0 0
833 29 36
834 51 3
836 3 26
836 76 26
838 8 4
838 69 4
842 76 0
843 120 46
844 156 1
845 76 26
845 93 26
846 18 27
849 8 44
854 11 3
856 29 27
857 81 6
858 107 5
868 127 5
872 87 5
873 165 5
875 31 0
876 153 3
876 197 3
877 79 5
878 87 5
879 62 4
879 71 4
879 232 4
881 132 49
883 114 4
884 54 16
887 34 3
890 141 3
892 0 0
894 156 1
895 76 26
897 56 11
900 132 7
901 193 7
901 273 7
904 107 49
906 0 12
907 8 4
911 83 3
915 3 40
916 153 36
919 3 17
923 66 11
925 165 6
927 76 5
928 120 46
932 132 3
933 87 36
934 153 12
936 28 3
938 114 4
940 87 36
942 87 5
942 153 5
942 243 5
945 120 46
948 51 3
949 56 5
952 8 49
953 87 12
955 207 4
960 81 4
961 110 6
969 50 3
970 51 43
971 124 34
973 153 5
974 87 12
974 93 12
974 197 12
975 207 50
976 11 55
979 107 3
980 232 4
985 54 75
986 69 4
987 232 4
989 120 46
992 83 49
993 100 71
994 3 34
995 69 4
996 79 16
997 34 6
998 29 36
1002 194 4
1005 232 4
1009 66 11
1011 232 3
1012 8 4
1014 114 4
1016 87 36
1019 8 4
1020 74 74
1020 76 74
1021 114 4
1022 0 55
1023 31 16
1024 76 34
1024 93 34
1026 11 49
1026 21 49
1027 114 4
1030 71 4
1033 8 16
1035 107 4
1037 8 50
1038 87 36
1039 13 5
1043 232 4
1046 156 3
1047 76 1
1047 124 1
1048 56 5
1051 8 4
1052 8 4
1052 107 4
1056 15 19
1058 51 41
1059 81 4
1060 197 12
1062 58 3
1064 8 4
1064 107 4
1065 107 41
1066 74 34
1069 15 6
1071 74 3
1074 8 4
1077 132 7
1079 76 1
1081 29 36
1086 31 55
1091 29 1
1094 100 49
1100 153 36
1101 15 3
1103 15 3
1105 51 3
1108 93 1
1109 71 4
1109 232 4
1112 120 46
1114 124 1
1115 124 1
1120 100 4
1121 66 1
1122 71 4
1123 93 34
1125 54 75
1127 50 3
1135 69 4
1136 93 1
1140 3 16
1141 114 4
