0 1 0
0 2 1
0 3 2
0 4 3
2 2 4
2 621 0
2 624 0
3 2 4
3 658 0
3 659 5
3 660 0
3 661 0
3 662 0
5 1 0
5 2 1
5 3 2
5 4 3
5 6 3
7 1 0
7 2 1
7 3 2
7 4 3
7 8 1
7 9 3
8 8 4
8 621 0
8 624 0
8 635 0
10 1 0
10 2 1
10 3 2
10 4 3
10 11 1
11 11 4
11 621 0
11 624 0
11 627 0
12 1 0
12 2 1
12 3 2
12 4 3
13 1 0
13 3 2
13 4 3
14 1 0
14 3 2
14 4 3
15 1 0
15 3 2
15 4 3
15 16 3
17 1 0
17 2 1
17 3 2
17 4 3
17 18 3
17 19 3
20 1 0
20 3 2
20 4 3
21 1 0
21 4 3
21 9 3
21 22 1
21 23 2
21 24 3
21 25 3
21 26 3
21 27 3
21 28 3
21 29 3
21 30 3
22 22 4
22 621 0
22 624 0
22 638 0
22 645 0
22 647 0
22 650 0
23 2 4
23 658 0
23 660 0
23 662 0
23 663 5
23 664 0
31 1 0
31 2 1
31 4 3
31 23 2
31 28 3
31 30 3
31 32 3
31 33 3
31 34 3
31 35 3
31 36 3
31 37 3
31 38 3
31 39 3
40 1 0
40 2 1
40 4 3
40 23 2
40 30 3
40 41 3
42 1 0
42 2 1
42 4 3
42 23 2
42 37 3
42 43 3
42 44 3
42 45 3
46 1 0
46 2 1
46 4 3
46 23 2
47 1 0
47 2 1
47 4 3
47 23 2
48 1 0
48 2 1
48 4 3
48 23 2
48 35 3
48 39 3
49 1 0
49 2 1
49 4 3
49 23 2
50 1 0
50 2 1
50 4 3
50 23 2
51 1 0
51 4 3
51 11 1
51 23 2
52 1 0
52 2 1
52 4 3
52 53 2
53 2 4
53 662 0
53 663 5
53 664 0
53 665 0
53 666 0
53 667 0
54 1 0
54 2 1
54 4 3
54 9 3
54 24 3
54 45 3
54 53 2
54 55 3
56 1 0
56 2 1
56 4 3
56 9 3
56 24 3
56 53 2
56 57 3
58 1 0
58 2 1
58 4 3
58 53 2
59 1 0
59 2 1
59 4 3
59 53 2
60 1 0
60 4 3
60 22 1
60 53 2
61 1 0
61 2 1
61 4 3
61 28 3
61 32 3
61 35 3
61 39 3
61 53 2
62 1 0
62 2 1
62 4 3
62 53 2
63 1 0
63 2 1
63 4 3
63 53 2
64 1 0
64 2 1
64 4 3
64 24 3
64 53 2
65 1 0
65 2 1
65 4 3
65 22 1
65 66 2
65 67 3
66 2 4
66 662 0
66 668 0
66 669 5
66 670 0
68 1 0
68 2 1
68 4 3
68 32 3
68 39 3
68 66 2
69 1 0
69 2 1
69 4 3
69 33 3
69 36 3
69 66 2
69 70 3
69 71 3
69 72 3
69 73 3
69 74 3
69 75 3
69 76 3
77 1 0
77 4 3
77 6 3
77 22 1
77 28 3
77 66 2
78 1 0
78 2 1
78 4 3
78 9 3
78 37 3
78 66 2
78 79 3
80 1 0
80 2 1
80 4 3
80 66 2
80 81 3
82 1 0
82 2 1
82 4 3
82 24 3
82 66 2
83 1 0
83 2 1
83 4 3
83 66 2
84 1 0
84 2 1
84 4 3
84 66 2
85 1 0
85 2 1
85 4 3
85 6 3
85 36 3
85 66 2
86 1 0
86 2 1
86 4 3
86 87 2
87 2 4
87 658 0
87 659 5
87 661 0
87 662 0
87 671 0
88 1 0
88 2 1
88 4 3
88 87 2
88 89 3
90 1 0
90 2 1
90 4 3
90 87 2
90 91 3
92 1 0
92 4 3
92 87 2
93 1 0
93 2 1
93 4 3
93 87 2
93 94 3
95 1 0
95 2 1
95 4 3
95 87 2
96 1 0
96 2 1
96 4 3
96 30 3
96 87 2
97 1 0
97 2 1
97 4 3
97 24 3
97 87 2
98 1 0
98 2 1
98 4 3
98 87 2
99 1 0
99 2 1
99 4 3
99 87 2
100 1 0
100 4 3
100 22 1
100 101 2
100 102 3
101 22 4
101 658 0
101 662 0
101 671 0
101 672 5
101 673 0
101 674 0
101 675 0
101 676 0
101 677 0
103 1 0
103 4 3
103 22 1
103 33 3
103 34 3
103 71 3
103 101 2
103 104 3
103 105 3
103 106 3
103 107 3
103 108 3
103 109 3
103 110 3
111 1 0
111 4 3
111 22 1
111 28 3
111 29 3
111 30 3
111 91 3
111 101 2
111 112 2
111 113 3
111 114 3
111 115 3
111 116 3
111 117 3
118 1 0
118 4 3
118 6 3
118 22 1
118 24 3
118 29 3
118 32 3
118 101 2
118 105 3
118 119 3
118 120 3
121 1 0
121 4 3
121 9 3
121 22 1
121 55 3
121 57 3
121 101 2
122 1 0
122 4 3
122 22 1
122 28 3
122 29 3
122 30 3
122 101 2
122 113 3
122 116 3
122 117 3
122 123 3
124 1 0
124 4 3
124 22 1
124 101 2
125 1 0
125 4 3
125 6 3
125 22 1
125 28 3
125 32 3
125 39 3
125 101 2
125 126 3
127 1 0
127 4 3
127 22 1
127 101 2
128 1 0
128 4 3
128 22 1
128 28 3
128 30 3
128 101 2
129 1 0
129 4 3
129 9 3
129 22 1
129 37 3
129 43 3
129 73 3
129 74 3
129 79 3
129 104 3
129 119 3
129 130 2
129 131 3
129 132 3
129 133 3
129 134 3
129 135 3
129 136 3
130 22 4
130 678 0
130 679 5
137 1 0
137 4 3
137 22 1
137 55 3
137 119 3
137 120 3
137 130 2
137 138 3
139 1 0
139 4 3
139 22 1
139 24 3
139 27 3
139 28 3
139 119 3
139 130 2
139 140 3
139 141 3
139 142 3
143 1 0
143 4 3
143 22 1
143 28 3
143 32 3
143 119 3
143 130 2
143 144 3
145 1 0
145 4 3
145 22 1
145 130 2
145 136 3
145 146 3
145 147 3
148 1 0
148 4 3
148 9 3
148 22 1
148 28 3
148 30 3
148 81 3
148 130 2
148 142 3
148 149 3
150 1 0
150 4 3
150 9 3
150 22 1
150 55 3
150 79 3
150 130 2
150 151 3
150 152 3
150 153 3
150 154 3
150 155 3
156 1 0
156 4 3
156 22 1
156 119 3
156 130 2
157 1 0
157 4 3
157 22 1
157 24 3
157 30 3
157 130 2
158 1 0
158 4 3
158 32 3
158 130 2
158 159 1
159 159 4
159 621 0
159 624 0
159 637 0
159 638 0
159 644 0
159 645 0
159 646 0
159 647 0
160 1 0
160 4 3
160 22 1
160 33 3
160 161 2
160 162 3
161 22 4
161 658 0
161 662 0
161 674 0
161 680 0
161 681 5
161 682 0
161 683 0
163 1 0
163 4 3
163 22 1
163 32 3
163 33 3
163 70 3
163 104 3
163 133 3
163 134 3
163 136 3
163 147 3
163 161 2
163 164 3
163 165 3
166 1 0
166 4 3
166 22 1
166 33 3
166 36 3
166 70 3
166 110 3
166 161 2
166 164 3
166 167 3
168 1 0
168 4 3
168 22 1
168 24 3
168 79 3
168 161 2
169 1 0
169 4 3
169 22 1
169 161 2
170 1 0
170 4 3
170 22 1
170 119 3
170 161 2
171 1 0
171 4 3
171 22 1
171 28 3
171 161 2
172 1 0
172 4 3
172 28 3
172 29 3
172 161 2
172 173 1
173 173 4
173 621 0
173 624 0
173 627 0
174 1 0
174 4 3
174 22 1
174 161 2
175 1 0
175 4 3
175 8 1
175 28 3
175 142 3
175 161 2
176 1 0
176 4 3
176 22 1
176 177 2
177 22 4
177 658 0
177 662 0
177 674 0
177 682 0
177 684 0
177 685 0
177 686 5
178 1 0
178 4 3
178 22 1
178 177 2
179 1 0
179 4 3
179 30 3
179 113 3
179 119 3
179 123 3
179 177 2
179 180 1
180 180 4
180 621 0
180 622 0
180 624 0
180 635 0
181 1 0
181 4 3
181 6 3
181 22 1
181 24 3
181 28 3
181 35 3
181 39 3
181 177 2
182 1 0
182 4 3
182 22 1
182 30 3
182 177 2
183 1 0
183 4 3
183 22 1
183 177 2
184 1 0
184 4 3
184 22 1
184 24 3
184 28 3
184 32 3
184 35 3
184 37 3
184 39 3
184 45 3
184 79 3
184 81 3
184 116 3
184 119 3
184 126 3
184 134 3
184 136 3
184 177 2
184 185 3
184 186 3
187 1 0
187 4 3
187 9 3
187 22 1
187 24 3
187 28 3
187 117 3
187 177 2
187 188 3
189 1 0
189 4 3
189 22 1
189 177 2
190 1 0
190 4 3
190 22 1
190 177 2
191 1 0
191 4 3
191 16 3
191 22 1
191 28 3
191 39 3
191 81 3
191 126 3
191 192 2
191 193 3
192 22 4
192 662 0
192 674 0
192 680 0
192 687 5
194 1 0
194 4 3
194 22 1
194 192 2
194 195 3
196 1 0
196 4 3
196 6 3
196 22 1
196 32 3
196 116 3
196 192 2
197 1 0
197 4 3
197 22 1
197 192 2
198 1 0
198 4 3
198 22 1
198 24 3
198 29 3
198 41 3
198 105 3
198 192 2
198 199 1
199 199 4
199 621 0
199 624 0
199 627 0
199 649 0
200 1 0
200 4 3
200 22 1
200 192 2
200 201 3
202 1 0
202 4 3
202 22 1
202 192 2
203 1 0
203 4 3
203 22 1
203 188 3
203 192 2
204 1 0
204 4 3
204 24 3
204 192 2
204 205 3
206 1 0
206 4 3
206 24 3
206 105 3
206 192 2
206 207 3
208 1 0
208 4 3
208 19 3
208 209 2
208 210 1
208 211 1
208 212 3
208 213 3
209 210 4
209 210 5
209 665 0
209 688 0
209 689 0
209 690 0
209 691 0
209 692 0
209 693 0
209 694 0
209 695 0
210 210 4
210 621 0
210 622 0
210 624 0
210 627 0
210 633 0
210 641 0
210 653 0
211 211 4
211 626 0
214 1 0
214 4 3
214 209 2
214 215 1
214 216 3
214 217 3
214 218 3
214 219 3
214 220 3
214 221 3
214 222 3
214 223 3
215 266 4
215 626 0
215 651 4
215 652 4
224 1 0
224 4 3
224 6 3
224 28 3
224 32 3
224 114 3
224 119 3
224 142 3
224 146 3
224 209 2
224 210 1
224 225 1
224 226 3
225 225 4
225 621 0
225 624 0
227 1 0
227 4 3
227 9 3
227 33 3
227 36 3
227 209 2
227 228 1
227 229 3
228 626 0
230 1 0
230 4 3
230 36 3
230 104 3
230 136 3
230 209 2
230 210 1
231 1 0
231 4 3
231 28 3
231 29 3
231 113 3
231 119 3
231 135 3
231 209 2
231 215 1
232 1 0
232 4 3
232 6 3
232 209 2
232 210 1
232 233 1
232 234 3
233 463 4
233 463 5
233 621 0
233 648 0
235 1 0
235 4 3
235 28 3
235 91 3
235 209 2
235 215 1
235 228 1
236 1 0
236 4 3
236 209 2
236 210 1
237 1 0
237 4 3
237 91 3
237 209 2
237 215 1
237 217 3
237 220 3
238 1 0
238 4 3
238 9 3
238 33 3
238 34 3
238 36 3
238 91 3
238 106 3
238 109 3
238 239 2
238 240 1
238 241 3
238 242 1
238 243 3
239 210 4
239 210 5
239 662 0
239 671 0
239 677 0
239 683 0
239 689 0
239 691 0
239 692 0
239 694 0
239 695 0
239 696 0
239 697 0
239 698 0
240 628 0
242 228 4
242 228 5
242 240 5
242 626 0
242 629 0
242 630 0
244 1 0
244 4 3
244 9 3
244 29 3
244 33 3
244 115 3
244 153 3
244 154 3
244 225 1
244 228 1
244 239 2
244 245 1
244 246 3
244 247 3
244 248 3
244 249 3
245 315 5
245 320 5
245 656 4
245 657 0
250 1 0
250 4 3
250 180 1
250 210 1
250 239 2
251 1 0
251 4 3
251 28 3
251 29 3
251 94 3
251 210 1
251 239 2
251 252 1
251 253 3
252 252 4
252 621 0
252 624 0
252 643 0
254 1 0
254 4 3
254 33 3
254 210 1
254 239 2
254 255 3
256 1 0
256 4 3
256 29 3
256 41 3
256 91 3
256 94 3
256 117 3
256 119 3
256 228 1
256 239 2
256 257 3
256 258 3
259 1 0
259 4 3
259 9 3
259 210 1
259 239 2
260 1 0
260 4 3
260 29 3
260 119 3
260 210 1
260 239 2
260 261 3
262 1 0
262 4 3
262 9 3
262 210 1
262 239 2
262 261 3
263 1 0
263 4 3
263 113 3
263 210 1
263 239 2
264 1 0
264 4 3
264 29 3
264 30 3
264 119 3
264 265 2
264 266 1
265 210 4
265 658 0
265 662 0
265 671 0
265 689 0
265 695 0
265 699 5
265 700 0
265 701 0
265 702 0
265 703 0
265 704 0
266 625 0
266 626 0
267 1 0
267 4 3
267 9 3
267 37 3
267 44 3
267 79 3
267 104 3
267 134 3
267 136 3
267 151 3
267 153 3
267 210 1
267 261 3
267 265 2
268 1 0
268 4 3
268 9 3
268 210 1
268 265 2
268 269 3
268 270 3
271 1 0
271 4 3
271 8 1
271 9 3
271 117 3
271 210 1
271 225 1
271 265 2
271 272 3
273 1 0
273 4 3
273 9 3
273 33 3
273 34 3
273 210 1
273 265 2
273 274 3
273 275 3
273 276 3
277 1 0
277 4 3
277 32 3
277 91 3
277 94 3
277 117 3
277 210 1
277 265 2
277 278 3
279 1 0
279 4 3
279 33 3
279 94 3
279 210 1
279 265 2
280 1 0
280 4 3
280 6 3
280 28 3
280 91 3
280 94 3
280 210 1
280 265 2
281 1 0
281 4 3
281 210 1
281 265 2
282 1 0
282 4 3
282 29 3
282 119 3
282 211 1
282 253 3
282 265 2
283 1 0
283 4 3
283 284 2
284 210 4
284 662 0
284 695 0
284 697 0
284 705 0
284 706 5
284 707 0
285 1 0
285 4 3
285 28 3
285 32 3
285 81 3
285 91 3
285 119 3
285 193 3
285 210 1
285 284 2
285 286 3
287 1 0
287 4 3
287 210 1
287 284 2
287 288 3
289 1 0
289 4 3
289 210 1
289 284 2
290 1 0
290 4 3
290 119 3
290 210 1
290 284 2
291 1 0
291 4 3
291 210 1
291 284 2
292 1 0
292 4 3
292 210 1
292 284 2
293 1 0
293 4 3
293 91 3
293 195 3
293 210 1
293 284 2
294 1 0
294 4 3
294 91 3
294 210 1
294 284 2
295 1 0
295 4 3
295 28 3
295 210 1
295 284 2
296 1 0
296 4 3
296 210 1
296 297 2
297 210 4
297 658 0
297 662 0
297 695 0
297 707 0
297 708 5
297 709 0
298 1 0
298 4 3
298 19 3
298 29 3
298 91 3
298 119 3
298 211 1
298 297 2
299 1 0
299 4 3
299 6 3
299 29 3
299 32 3
299 41 3
299 91 3
299 210 1
299 211 1
299 297 2
300 1 0
300 4 3
300 6 3
300 29 3
300 32 3
300 91 3
300 210 1
300 211 1
300 297 2
301 1 0
301 4 3
301 32 3
301 210 1
301 297 2
301 302 3
303 1 0
303 4 3
303 29 3
303 91 3
303 211 1
303 297 2
304 1 0
304 4 3
304 29 3
304 297 2
304 305 3
306 1 0
306 4 3
306 210 1
306 297 2
307 1 0
307 4 3
307 32 3
307 91 3
307 119 3
307 142 3
307 210 1
307 297 2
308 1 0
308 4 3
308 30 3
308 117 3
308 141 3
308 242 1
308 297 2
309 1 0
309 4 3
309 6 3
309 30 3
309 233 1
309 310 2
309 311 3
309 312 3
310 320 4
310 658 0
310 671 0
310 689 0
310 701 0
310 710 5
313 1 0
313 4 3
313 9 3
313 29 3
313 30 3
313 113 3
313 116 3
313 119 3
313 151 3
313 195 3
313 212 3
313 310 2
313 314 1
313 315 1
313 316 3
313 317 3
313 318 3
314 314 4
314 626 0
315 315 4
315 626 0
319 1 0
319 4 3
319 115 3
319 119 3
319 201 3
319 310 2
319 315 1
319 320 1
320 320 4
320 621 0
320 624 0
320 631 0
320 636 0
320 654 0
320 655 0
321 1 0
321 4 3
321 310 2
321 320 1
321 322 3
321 323 3
324 1 0
324 4 3
324 9 3
324 310 2
324 315 1
324 320 1
324 325 3
324 326 3
327 1 0
327 4 3
327 310 2
327 328 1
328 328 4
328 626 0
329 1 0
329 4 3
329 29 3
329 30 3
329 116 3
329 119 3
329 135 3
329 310 2
329 318 3
329 320 1
329 330 3
331 1 0
331 4 3
331 22 1
331 310 2
332 1 0
332 4 3
332 9 3
332 91 3
332 94 3
332 151 3
332 155 3
332 195 3
332 229 3
332 310 2
332 315 1
332 333 3
332 334 3
332 335 3
332 336 3
337 1 0
337 4 3
337 28 3
337 310 2
337 315 1
338 1 0
338 4 3
338 9 3
338 151 3
338 261 3
338 315 1
338 339 2
339 320 4
339 658 0
339 662 0
339 711 5
340 1 0
340 4 3
340 314 1
340 315 1
340 339 2
341 1 0
341 4 3
341 120 3
341 320 1
341 339 2
342 1 0
342 4 3
342 320 1
342 339 2
343 1 0
343 4 3
343 119 3
343 315 1
343 339 2
344 1 0
344 4 3
344 27 3
344 28 3
344 30 3
344 37 3
344 81 3
344 119 3
344 142 3
344 193 3
344 320 1
344 339 2
344 345 3
346 1 0
346 4 3
346 314 1
346 315 1
346 339 2
346 347 3
348 1 0
348 4 3
348 6 3
348 24 3
348 28 3
348 32 3
348 81 3
348 116 3
348 140 3
348 193 3
348 320 1
348 339 2
348 349 3
350 1 0
350 4 3
350 28 3
350 315 1
350 320 1
350 339 2
351 1 0
351 4 3
351 315 1
351 320 1
351 339 2
352 1 0
352 4 3
352 320 1
352 353 2
353 320 4
353 658 0
353 662 0
353 712 0
353 713 5
354 1 0
354 4 3
354 6 3
354 24 3
354 28 3
354 32 3
354 142 3
354 320 1
354 353 2
355 1 0
355 4 3
355 37 3
355 320 1
355 353 2
356 1 0
356 4 3
356 315 1
356 353 2
357 1 0
357 4 3
357 315 1
357 353 2
358 1 0
358 4 3
358 32 3
358 315 1
358 353 2
359 1 0
359 4 3
359 9 3
359 320 1
359 353 2
360 1 0
360 4 3
360 320 1
360 353 2
361 1 0
361 4 3
361 6 3
361 28 3
361 151 3
361 315 1
361 320 1
361 353 2
362 1 0
362 4 3
362 22 1
362 91 3
362 120 3
362 315 1
362 320 1
362 353 2
363 1 0
363 4 3
363 34 3
363 320 1
363 364 2
363 365 3
364 320 4
364 658 0
364 662 0
364 712 0
364 714 5
366 1 0
366 4 3
366 29 3
366 320 1
366 364 2
366 367 3
368 1 0
368 4 3
368 315 1
368 364 2
369 1 0
369 4 3
369 315 1
369 364 2
370 1 0
370 4 3
370 315 1
370 364 2
371 1 0
371 4 3
371 28 3
371 30 3
371 320 1
371 364 2
372 1 0
372 4 3
372 314 1
372 364 2
372 373 3
372 374 3
375 1 0
375 4 3
375 314 1
375 315 1
375 364 2
376 1 0
376 4 3
376 320 1
376 364 2
377 1 0
377 4 3
377 119 3
377 315 1
377 364 2
377 378 3
379 1 0
379 4 3
379 6 3
379 24 3
379 320 1
379 380 2
380 320 4
380 658 0
380 671 0
380 683 0
380 689 0
380 712 0
380 715 5
381 1 0
381 4 3
381 6 3
381 116 3
381 117 3
381 119 3
381 315 1
381 380 2
382 1 0
382 4 3
382 6 3
382 24 3
382 29 3
382 30 3
382 320 1
382 380 2
383 1 0
383 4 3
383 105 3
383 315 1
383 320 1
383 380 2
383 384 3
385 1 0
385 4 3
385 380 2
385 386 1
386 386 4
386 621 0
386 624 0
386 631 0
387 1 0
387 4 3
387 320 1
387 380 2
388 1 0
388 4 3
388 315 1
388 320 1
388 380 2
389 1 0
389 4 3
389 314 1
389 315 1
389 380 2
390 1 0
390 4 3
390 29 3
390 315 1
390 380 2
391 1 0
391 4 3
391 315 1
391 380 2
392 1 0
392 2 1
392 3 2
392 393 3
394 1 0
394 3 2
394 320 1
394 393 3
394 395 3
396 1 0
396 2 1
396 3 2
396 393 3
396 397 1
397 397 4
397 621 0
397 624 0
397 636 0
398 1 0
398 2 1
398 3 2
398 393 3
399 1 0
399 2 1
399 3 2
399 393 3
400 1 0
400 2 1
400 3 2
400 393 3
400 401 3
402 1 0
402 2 1
402 3 2
402 393 3
403 1 0
403 2 1
403 3 2
403 393 3
404 1 0
404 3 2
404 315 1
404 320 1
404 393 3
405 1 0
405 2 1
405 3 2
405 393 3
406 1 0
406 23 2
406 393 3
406 407 1
407 407 4
407 621 0
407 624 0
408 1 0
408 2 1
408 23 2
408 393 3
409 1 0
409 2 1
409 23 2
409 393 3
410 1 0
410 2 1
410 23 2
410 393 3
411 1 0
411 2 1
411 23 2
411 393 3
412 1 0
412 2 1
412 23 2
412 393 3
413 1 0
413 2 1
413 23 2
413 393 3
414 1 0
414 2 1
414 23 2
414 393 3
415 1 0
415 2 1
415 23 2
415 393 3
415 395 3
416 1 0
416 2 1
416 23 2
416 393 3
416 395 3
417 1 0
417 2 1
417 9 3
417 37 3
417 53 2
417 79 3
417 104 3
417 136 3
417 147 3
417 393 3
418 1 0
418 53 2
418 393 3
418 419 1
419 419 4
419 621 0
419 623 0
419 624 0
419 632 0
419 633 0
419 634 0
419 635 0
420 1 0
420 2 1
420 53 2
420 393 3
420 421 3
422 1 0
422 2 1
422 53 2
422 393 3
423 1 0
423 2 1
423 53 2
423 393 3
424 1 0
424 2 1
424 53 2
424 393 3
425 1 0
425 2 1
425 53 2
425 393 3
426 1 0
426 2 1
426 53 2
426 393 3
427 1 0
427 2 1
427 53 2
427 393 3
428 1 0
428 2 1
428 53 2
428 393 3
429 1 0
429 2 1
429 22 1
429 66 2
429 393 3
430 1 0
430 2 1
430 66 2
430 393 3
431 1 0
431 2 1
431 66 2
431 393 3
432 1 0
432 2 1
432 66 2
432 393 3
432 395 3
433 1 0
433 2 1
433 66 2
433 393 3
434 1 0
434 2 1
434 66 2
434 393 3
435 1 0
435 2 1
435 66 2
435 393 3
436 1 0
436 2 1
436 66 2
436 393 3
437 1 0
437 2 1
437 66 2
437 393 3
438 1 0
438 2 1
438 66 2
438 393 3
439 1 0
439 2 1
439 87 2
439 393 3
440 1 0
440 2 1
440 87 2
440 320 1
440 393 3
440 441 3
442 1 0
442 2 1
442 87 2
442 393 3
443 1 0
443 2 1
443 87 2
443 393 3
444 1 0
444 2 1
444 87 2
444 393 3
445 1 0
445 2 1
445 87 2
445 393 3
446 1 0
446 2 1
446 87 2
446 393 3
447 1 0
447 2 1
447 87 2
447 393 3
448 1 0
448 2 1
448 87 2
448 393 3
449 1 0
449 2 1
449 87 2
449 393 3
450 1 0
450 22 1
450 101 2
450 393 3
450 395 3
451 1 0
451 22 1
451 101 2
451 393 3
452 1 0
452 101 2
452 393 3
452 453 1
453 453 4
453 621 0
453 624 0
453 631 0
454 1 0
454 101 2
454 225 1
454 393 3
455 1 0
455 22 1
455 101 2
455 393 3
456 1 0
456 22 1
456 101 2
456 393 3
456 395 3
457 1 0
457 22 1
457 101 2
457 393 3
458 1 0
458 9 3
458 101 2
458 210 1
458 261 3
458 393 3
458 459 3
458 460 3
461 1 0
461 22 1
461 101 2
461 393 3
461 395 3
462 1 0
462 22 1
462 101 2
462 393 3
462 463 1
463 463 4
463 621 0
463 624 0
463 629 0
463 636 0
464 1 0
464 130 2
464 393 3
464 465 1
465 465 4
465 621 0
465 622 0
465 623 0
465 624 0
466 1 0
466 22 1
466 130 2
466 393 3
467 1 0
467 22 1
467 130 2
467 393 3
468 1 0
468 22 1
468 130 2
468 393 3
469 1 0
469 22 1
469 130 2
469 393 3
469 395 3
470 1 0
470 9 3
470 22 1
470 130 2
470 393 3
471 1 0
471 22 1
471 130 2
471 393 3
471 395 3
472 1 0
472 22 1
472 130 2
472 393 3
473 1 0
473 22 1
473 130 2
473 393 3
474 1 0
474 22 1
474 130 2
474 393 3
474 395 3
474 475 3
476 1 0
476 22 1
476 161 2
476 393 3
477 1 0
477 22 1
477 161 2
477 393 3
477 478 1
478 478 4
478 621 0
478 624 0
479 1 0
479 159 1
479 161 2
479 393 3
480 1 0
480 22 1
480 161 2
480 393 3
481 1 0
481 161 2
481 393 3
481 482 1
482 482 4
482 621 0
482 624 0
482 637 0
482 638 0
483 1 0
483 8 1
483 22 1
483 161 2
483 393 3
484 1 0
484 161 2
484 393 3
484 485 1
485 485 4
485 621 0
485 622 0
485 624 0
485 640 0
486 1 0
486 22 1
486 161 2
486 393 3
486 487 3
488 1 0
488 22 1
488 161 2
488 393 3
489 1 0
489 22 1
489 161 2
489 393 3
489 395 3
490 1 0
490 22 1
490 177 2
490 393 3
491 1 0
491 22 1
491 177 2
491 393 3
492 1 0
492 22 1
492 177 2
492 393 3
492 478 1
493 1 0
493 22 1
493 177 2
493 393 3
494 1 0
494 22 1
494 177 2
494 393 3
495 1 0
495 22 1
495 177 2
495 393 3
496 1 0
496 22 1
496 177 2
496 393 3
497 1 0
497 22 1
497 177 2
497 393 3
498 1 0
498 22 1
498 177 2
498 393 3
499 1 0
499 22 1
499 177 2
499 393 3
500 1 0
500 22 1
500 192 2
500 393 3
501 1 0
501 22 1
501 192 2
501 393 3
501 395 3
501 421 3
502 1 0
502 192 2
502 210 1
502 393 3
503 1 0
503 22 1
503 192 2
503 393 3
503 395 3
504 1 0
504 22 1
504 192 2
504 393 3
504 395 3
505 1 0
505 22 1
505 192 2
505 393 3
505 395 3
506 1 0
506 22 1
506 192 2
506 393 3
506 395 3
507 1 0
507 192 2
507 393 3
508 1 0
508 192 2
508 393 3
509 1 0
509 22 1
509 102 3
509 192 2
509 393 3
509 510 1
509 511 3
510 510 4
510 621 0
510 622 0
510 623 0
510 624 0
512 1 0
512 209 2
512 393 3
512 419 1
513 1 0
513 209 2
513 210 1
513 211 1
513 393 3
514 1 0
514 209 2
514 210 1
514 393 3
515 1 0
515 209 2
515 210 1
515 393 3
515 516 1
516 516 4
516 621 0
516 622 0
516 624 0
516 635 0
517 1 0
517 209 2
517 210 1
517 393 3
517 516 1
518 1 0
518 209 2
518 210 1
518 393 3
518 419 1
519 1 0
519 209 2
519 210 1
519 393 3
519 520 3
521 1 0
521 209 2
521 210 1
521 393 3
521 419 1
522 1 0
522 209 2
522 210 1
522 393 3
522 523 3
524 1 0
524 209 2
524 210 1
524 393 3
525 1 0
525 210 1
525 239 2
525 393 3
525 526 3
527 1 0
527 210 1
527 239 2
527 393 3
528 1 0
528 210 1
528 239 2
528 393 3
528 419 1
529 1 0
529 210 1
529 239 2
529 393 3
529 395 3
530 1 0
530 210 1
530 239 2
530 393 3
531 1 0
531 155 3
531 210 1
531 239 2
531 393 3
531 532 1
532 532 4
532 624 0
533 1 0
533 210 1
533 239 2
533 393 3
534 1 0
534 239 2
534 266 1
534 393 3
535 1 0
535 210 1
535 239 2
535 393 3
536 1 0
536 210 1
536 239 2
536 393 3
537 1 0
537 210 1
537 265 2
537 393 3
537 395 3
537 538 1
538 538 4
538 625 0
538 626 0
539 1 0
539 89 3
539 210 1
539 265 2
539 393 3
540 1 0
540 104 3
540 210 1
540 265 2
540 393 3
541 1 0
541 210 1
541 265 2
541 393 3
542 1 0
542 210 1
542 265 2
542 393 3
543 1 0
543 210 1
543 265 2
543 393 3
544 1 0
544 210 1
544 265 2
544 393 3
545 1 0
545 210 1
545 265 2
545 393 3
545 419 1
546 1 0
546 210 1
546 265 2
546 393 3
546 395 3
547 1 0
547 210 1
547 265 2
547 393 3
548 1 0
548 210 1
548 284 2
548 393 3
549 1 0
549 210 1
549 284 2
549 393 3
550 1 0
550 210 1
550 284 2
550 393 3
551 1 0
551 210 1
551 284 2
551 393 3
551 395 3
551 538 1
552 1 0
552 210 1
552 284 2
552 393 3
553 1 0
553 210 1
553 284 2
553 393 3
554 1 0
554 210 1
554 284 2
554 393 3
555 1 0
555 210 1
555 284 2
555 393 3
556 1 0
556 210 1
556 284 2
556 393 3
557 1 0
557 210 1
557 284 2
557 393 3
557 395 3
557 558 1
558 558 4
558 621 0
558 622 0
558 624 0
558 639 0
558 640 0
558 641 0
559 1 0
559 210 1
559 211 1
559 297 2
559 393 3
560 1 0
560 210 1
560 211 1
560 297 2
560 393 3
560 395 3
561 1 0
561 210 1
561 211 1
561 297 2
561 393 3
562 1 0
562 210 1
562 297 2
562 393 3
563 1 0
563 210 1
563 211 1
563 297 2
563 393 3
563 395 3
564 1 0
564 210 1
564 211 1
564 297 2
564 393 3
564 395 3
565 1 0
565 210 1
565 211 1
565 297 2
565 393 3
566 1 0
566 210 1
566 297 2
566 393 3
567 1 0
567 210 1
567 297 2
567 393 3
568 1 0
568 210 1
568 297 2
568 393 3
569 1 0
569 310 2
569 320 1
569 393 3
570 1 0
570 89 3
570 310 2
570 320 1
570 393 3
570 395 3
571 1 0
571 310 2
571 320 1
571 393 3
572 1 0
572 310 2
572 320 1
572 393 3
573 1 0
573 310 2
573 320 1
573 393 3
574 1 0
574 310 2
574 320 1
574 393 3
575 1 0
575 310 2
575 320 1
575 393 3
575 576 1
576 320 4
576 320 5
576 642 0
577 1 0
577 310 2
577 386 1
577 393 3
578 1 0
578 310 2
578 320 1
578 393 3
579 1 0
579 310 2
579 315 1
579 320 1
579 393 3
580 1 0
580 89 3
580 320 1
580 339 2
580 393 3
580 395 3
581 1 0
581 320 1
581 339 2
581 393 3
582 1 0
582 315 1
582 320 1
582 339 2
582 393 3
582 395 3
583 1 0
583 320 1
583 339 2
583 393 3
584 1 0
584 320 1
584 339 2
584 393 3
585 1 0
585 315 1
585 320 1
585 339 2
585 393 3
585 395 3
586 1 0
586 320 1
586 339 2
586 393 3
587 1 0
587 315 1
587 320 1
587 339 2
587 393 3
587 395 3
587 588 3
589 1 0
589 320 1
589 339 2
589 393 3
590 1 0
590 315 1
590 320 1
590 339 2
590 393 3
591 1 0
591 320 1
591 353 2
591 393 3
591 395 3
592 1 0
592 320 1
592 353 2
592 393 3
593 1 0
593 320 1
593 353 2
593 393 3
594 1 0
594 320 1
594 353 2
594 393 3
595 1 0
595 320 1
595 353 2
595 393 3
596 1 0
596 320 1
596 353 2
596 393 3
597 1 0
597 320 1
597 353 2
597 393 3
598 1 0
598 320 1
598 353 2
598 393 3
599 1 0
599 320 1
599 353 2
599 393 3
599 395 3
600 1 0
600 315 1
600 320 1
600 353 2
600 393 3
601 1 0
601 320 1
601 364 2
601 393 3
602 1 0
602 320 1
602 364 2
602 393 3
603 1 0
603 320 1
603 364 2
603 393 3
603 395 3
604 1 0
604 320 1
604 364 2
604 393 3
605 1 0
605 320 1
605 364 2
605 393 3
606 1 0
606 320 1
606 364 2
606 393 3
607 1 0
607 320 1
607 364 2
607 393 3
608 1 0
608 320 1
608 364 2
608 393 3
609 1 0
609 320 1
609 364 2
609 393 3
609 475 3
610 1 0
610 320 1
610 364 2
610 393 3
611 1 0
611 320 1
611 380 2
611 393 3
612 1 0
612 320 1
612 380 2
612 393 3
613 1 0
613 320 1
613 380 2
613 393 3
614 1 0
614 320 1
614 380 2
614 393 3
614 395 3
615 1 0
615 320 1
615 380 2
615 393 3
616 1 0
616 320 1
616 380 2
616 393 3
617 1 0
617 315 1
617 320 1
617 380 2
617 393 3
617 588 3
618 1 0
618 320 1
618 380 2
618 393 3
619 1 0
619 320 1
619 380 2
619 393 3
620 1 0
620 320 1
620 380 2
620 393 3
